0,0 59,0
0,1 59,1
0,2 1,2
58,2 59,2
0,3 1,3
58,3 59,3
0,4 1,4
58,4 59,4
0,5 1,5
58,5 59,5
0,6 1,6
58,6 59,6
0,7 1,7
58,7 59,7
0,8 1,8
58,8 59,8
0,9 1,9
58,9 59,9
0,10 1,10
58,10 59,10
0,11 1,11
58,11 59,11
0,12 1,12
58,12 59,12
0,13 1,13
58,13 59,13
0,14 1,14
58,14 59,14
0,15 1,15
58,15 59,15
0,16 1,16
58,16 59,16
0,17 1,17
58,17 59,17
0,18 1,18
58,18 59,18
0,19 1,19
58,19 59,19
0,20 1,20
58,20 59,20
0,21 1,21
58,21 59,21
0,22 1,22
58,22 59,22
0,23 1,23
58,23 59,23
0,24 1,24
58,24 59,24
0,25 1,25
58,25 59,25
0,26 1,26
58,26 59,26
0,27 1,27
58,27 59,27
0,28 1,28
58,28 59,28
0,29 1,29
58,29 59,29
0,30 1,30
58,30 59,30
0,31 1,31
58,31 59,31
0,32 1,32
4,32 11,32
14,32 15,32
58,32 59,32
0,33 1,33
4,33 11,33
14,33 15,33
58,33 59,33
0,34 1,34
10,34 11,34
14,34 15,34
58,34 59,34
0,35 1,35
10,35 11,35
14,35 15,35
58,35 59,35
0,36 1,36
4,36 11,36
14,36 15,36
58,36 59,36
0,37 1,37
4,37 11,37
14,37 15,37
58,37 59,37
0,38 1,38
4,38 5,38
10,38 11,38
14,38 27,38
58,38 59,38
0,39 1,39
4,39 5,39
10,39 11,39
14,39 27,39
58,39 59,39
0,40 1,40
4,40 5,40
10,40 11,40
26,40 29,40
32,40 47,40
58,40 59,40
0,41 1,41
4,41 5,41
10,41 11,41
26,41 29,41
32,41 47,41
58,41 59,41
0,42 1,42
4,42 11,42
14,42 23,42
26,42 29,42
46,42 47,42
58,42 59,42
0,43 1,43
4,43 11,43
14,43 23,43
26,43 29,43
46,43 47,43
58,43 59,43
0,44 1,44
22,44 23,44
26,44 29,44
32,44 39,44
42,44 43,44
46,44 47,44
58,44 59,44
0,45 1,45
22,45 23,45
26,45 29,45
32,45 39,45
42,45 43,45
46,45 47,45
58,45 59,45
0,46 1,46
4,46 5,46
8,46 9,46
12,46 13,46
16,46 19,46
22,46 23,46
26,46 29,46
32,46 33,46
42,46 43,46
46,46 55,46
58,46 59,46
0,47 1,47
4,47 5,47
8,47 9,47
12,47 13,47
16,47 19,47
22,47 23,47
26,47 29,47
32,47 33,47
42,47 43,47
46,47 55,47
58,47 59,47
0,48 1,48
4,48 5,48
8,48 9,48
12,48 13,48
18,48 19,48
22,48 23,48
26,48 29,48
32,48 33,48
36,48 43,48
46,48 47,48
54,48 55,48
58,48 59,48
0,49 1,49
4,49 5,49
8,49 9,49
12,49 13,49
18,49 19,49
22,49 23,49
26,49 29,49
32,49 33,49
36,49 43,49
46,49 47,49
54,49 55,49
58,49 59,49
0,50 1,50
4,50 5,50
8,50 9,50
12,50 15,50
18,50 23,50
26,50 29,50
32,50 33,50
42,50 43,50
46,50 51,50
54,50 59,50
0,51 1,51
4,51 5,51
8,51 9,51
12,51 15,51
18,51 23,51
26,51 29,51
32,51 33,51
42,51 43,51
46,51 51,51
54,51 59,51
0,52 1,52
4,52 5,52
8,52 9,52
14,52 15,52
18,52 19,52
26,52 27,52
32,52 33,52
36,52 39,52
42,52 43,52
46,52 47,52
50,52 51,52
54,52 55,52
58,52 59,52
0,53 1,53
4,53 5,53
8,53 9,53
14,53 15,53
18,53 19,53
26,53 27,53
32,53 33,53
36,53 39,53
42,53 43,53
46,53 47,53
50,53 51,53
54,53 55,53
58,53 59,53
0,54 1,54
4,54 5,54
8,54 15,54
18,54 19,54
22,54 23,54
26,54 33,54
38,54 43,54
46,54 47,54
50,54 51,54
54,54 55,54
58,54 59,54
0,55 1,55
4,55 5,55
8,55 15,55
18,55 19,55
22,55 23,55
26,55 33,55
38,55 43,55
46,55 47,55
50,55 51,55
54,55 55,55
58,55 59,55
0,56 1,56
4,56 5,56
18,56 19,56
58,56 59,56
0,57 1,57
4,57 5,57
18,57 19,57
58,57 59,57
0,58 59,58
0,59 59,59
0,0 0,59
1,0 1,59
2,0 2,1
2,58 2,59
3,0 3,1
3,58 3,59
4,0 4,1
4,32 4,33
4,36 4,43
4,46 4,59
5,0 5,1
5,32 5,33
5,36 5,43
5,46 5,59
6,0 6,1
6,32 6,33
6,36 6,37
6,42 6,43
6,58 6,59
7,0 7,1
7,32 7,33
7,36 7,37
7,42 7,43
7,58 7,59
8,0 8,1
8,32 8,33
8,36 8,37
8,42 8,43
8,46 8,55
8,58 8,59
9,0 9,1
9,32 9,33
9,36 9,37
9,42 9,43
9,46 9,55
9,58 9,59
10,0 10,1
10,32 10,43
10,54 10,55
10,58 10,59
11,0 11,1
11,32 11,43
11,54 11,55
11,58 11,59
12,0 12,1
12,46 12,51
12,54 12,55
12,58 12,59
13,0 13,1
13,46 13,51
13,54 13,55
13,58 13,59
14,0 14,1
14,32 14,39
14,42 14,43
14,50 14,55
14,58 14,59
15,0 15,1
15,32 15,39
15,42 15,43
15,50 15,55
15,58 15,59
16,0 16,1
16,38 16,39
16,42 16,43
16,46 16,47
16,58 16,59
17,0 17,1
17,38 17,39
17,42 17,43
17,46 17,47
17,58 17,59
18,0 18,1
18,38 18,39
18,42 18,43
18,46 18,59
19,0 19,1
19,38 19,39
19,42 19,43
19,46 19,59
20,0 20,1
20,38 20,39
20,42 20,43
20,50 20,51
20,58 20,59
21,0 21,1
21,38 21,39
21,42 21,43
21,50 21,51
21,58 21,59
22,0 22,1
22,38 22,39
22,42 22,51
22,54 22,55
22,58 22,59
23,0 23,1
23,38 23,39
23,42 23,51
23,54 23,55
23,58 23,59
24,0 24,1
24,38 24,39
24,58 24,59
25,0 25,1
25,38 25,39
25,58 25,59
26,0 26,1
26,38 26,55
26,58 26,59
27,0 27,1
27,38 27,55
27,58 27,59
28,0 28,1
28,40 28,51
28,54 28,55
28,58 28,59
29,0 29,1
29,40 29,51
29,54 29,55
29,58 29,59
30,0 30,1
30,54 30,55
30,58 30,59
31,0 31,1
31,54 31,55
31,58 31,59
32,0 32,1
32,40 32,41
32,44 32,55
32,58 32,59
33,0 33,1
33,40 33,41
33,44 33,55
33,58 33,59
34,0 34,1
34,40 34,41
34,44 34,45
34,58 34,59
35,0 35,1
35,40 35,41
35,44 35,45
35,58 35,59
36,0 36,1
36,40 36,41
36,44 36,45
36,48 36,49
36,52 36,53
36,58 36,59
37,0 37,1
37,40 37,41
37,44 37,45
37,48 37,49
37,52 37,53
37,58 37,59
38,0 38,1
38,40 38,41
38,44 38,45
38,48 38,49
38,52 38,55
38,58 38,59
39,0 39,1
39,40 39,41
39,44 39,45
39,48 39,49
39,52 39,55
39,58 39,59
40,0 40,1
40,40 40,41
40,48 40,49
40,54 40,55
40,58 40,59
41,0 41,1
41,40 41,41
41,48 41,49
41,54 41,55
41,58 41,59
42,0 42,1
42,40 42,41
42,44 42,55
42,58 42,59
43,0 43,1
43,40 43,41
43,44 43,55
43,58 43,59
44,0 44,1
44,40 44,41
44,58 44,59
45,0 45,1
45,40 45,41
45,58 45,59
46,0 46,1
46,40 46,55
46,58 46,59
47,0 47,1
47,40 47,55
47,58 47,59
48,0 48,1
48,46 48,47
48,50 48,51
48,58 48,59
49,0 49,1
49,46 49,47
49,50 49,51
49,58 49,59
50,0 50,1
50,46 50,47
50,50 50,55
50,58 50,59
51,0 51,1
51,46 51,47
51,50 51,55
51,58 51,59
52,0 52,1
52,46 52,47
52,58 52,59
53,0 53,1
53,46 53,47
53,58 53,59
54,0 54,1
54,46 54,55
54,58 54,59
55,0 55,1
55,46 55,55
55,58 55,59
56,0 56,1
56,50 56,51
56,58 56,59
57,0 57,1
57,50 57,51
57,58 57,59
58,0 58,59
59,0 59,59
