0,0 29,0
14,1 15,1
14,2 15,2
14,3 15,3
4,4 5,4
14,4 15,4
23,4 25,4
4,5 5,5
14,5 15,5
23,5 25,5
14,6 15,6
14,7 15,7
23,8 24,8
27,8 29,8
0,9 5,9
23,9 24,9
27,9 29,9
11,11 18,11
11,15 18,15
11,18 15,18
11,19 15,19
3,20 7,20
15,20 22,20
3,21 7,21
21,21 22,21
21,22 22,22
21,23 22,23
0,29 29,29
0,0 0,29
3,20 3,21
4,4 4,5
4,20 4,21
5,4 5,9
5,20 5,21
6,20 6,21
7,20 7,29
11,11 11,15
11,18 11,19
12,18 12,19
13,18 13,19
14,0 14,7
14,18 14,19
15,0 15,7
15,18 15,29
18,11 18,15
21,20 21,23
22,20 22,23
23,4 23,9
24,4 24,5
24,8 24,9
25,4 25,5
27,8 27,9
28,8 28,9
29,0 29,29
