0,0 49,0
0,1 49,1
0,2 49,2
0,3 21,3
32,3 45,3
47,3 49,3
0,4 21,4
23,4 30,4
32,4 34,4
43,4 45,4
47,4 49,4
0,5 21,5
23,5 30,5
32,5 34,5
36,5 41,5
43,5 45,5
47,5 49,5
0,6 7,6
19,6 21,6
23,6 30,6
32,6 34,6
36,6 41,6
43,6 45,6
47,6 49,6
0,7 7,7
9,7 17,7
19,7 21,7
23,7 30,7
32,7 34,7
36,7 41,7
43,7 45,7
47,7 49,7
0,8 7,8
9,8 17,8
19,8 21,8
23,8 30,8
32,8 34,8
36,8 41,8
43,8 45,8
47,8 49,8
0,9 7,9
13,9 17,9
19,9 21,9
27,9 30,9
32,9 34,9
36,9 41,9
43,9 45,9
47,9 49,9
0,10 11,10
13,10 17,10
19,10 25,10
27,10 30,10
32,10 34,10
36,10 41,10
43,10 45,10
47,10 49,10
0,11 3,11
9,11 11,11
13,11 17,11
19,11 25,11
27,11 30,11
32,11 34,11
36,11 41,11
43,11 45,11
47,11 49,11
0,12 3,12
5,12 7,12
9,12 11,12
13,12 17,12
19,12 25,12
27,12 30,12
32,12 34,12
36,12 41,12
47,12 49,12
0,13 3,13
5,13 7,13
9,13 11,13
13,13 17,13
19,13 25,13
27,13 30,13
32,13 34,13
36,13 49,13
0,14 3,14
5,14 7,14
9,14 11,14
13,14 17,14
22,14 25,14
27,14 30,14
40,14 49,14
0,15 3,15
5,15 7,15
9,15 11,15
13,15 20,15
22,15 25,15
27,15 34,15
36,15 38,15
40,15 49,15
0,16 3,16
5,16 7,16
13,16 20,16
22,16 25,16
27,16 34,16
36,16 38,16
40,16 49,16
0,17 3,17
5,17 20,17
22,17 25,17
28,17 34,17
36,17 38,17
40,17 49,17
0,18 3,18
5,18 20,18
22,18 26,18
28,18 34,18
36,18 38,18
40,18 49,18
0,19 3,19
18,19 20,19
22,19 26,19
28,19 34,19
48,19 49,19
0,20 16,20
18,20 20,20
22,20 26,20
28,20 38,20
40,20 46,20
48,20 49,20
0,21 16,21
18,21 20,21
22,21 26,21
28,21 38,21
40,21 46,21
48,21 49,21
0,22 16,22
18,22 20,22
22,22 26,22
28,22 38,22
40,22 46,22
48,22 49,22
0,23 1,23
11,23 16,23
18,23 20,23
22,23 26,23
28,23 31,23
45,23 46,23
48,23 49,23
0,24 1,24
3,24 9,24
11,24 16,24
18,24 20,24
22,24 26,24
28,24 31,24
33,24 38,24
40,24 43,24
45,24 46,24
48,24 49,24
0,25 1,25
3,25 9,25
11,25 16,25
18,25 20,25
22,25 26,25
28,25 31,25
33,25 38,25
40,25 43,25
45,25 46,25
48,25 49,25
0,26 1,26
3,26 9,26
11,26 16,26
18,26 20,26
22,26 26,26
28,26 31,26
33,26 38,26
40,26 43,26
45,26 46,26
48,26 49,26
0,27 1,27
3,27 9,27
11,27 16,27
18,27 20,27
22,27 26,27
28,27 31,27
33,27 38,27
40,27 43,27
45,27 46,27
48,27 49,27
0,28 1,28
3,28 9,28
11,28 16,28
18,28 20,28
22,28 26,28
28,28 31,28
33,28 38,28
40,28 43,28
45,28 46,28
48,28 49,28
0,29 1,29
7,29 9,29
11,29 16,29
18,29 20,29
22,29 26,29
28,29 31,29
33,29 38,29
40,29 43,29
45,29 46,29
48,29 49,29
0,30 5,30
7,30 9,30
11,30 16,30
18,30 20,30
22,30 26,30
28,30 31,30
33,30 38,30
40,30 43,30
45,30 46,30
48,30 49,30
0,31 5,31
7,31 9,31
18,31 20,31
28,31 31,31
33,31 38,31
40,31 43,31
45,31 46,31
48,31 49,31
0,32 5,32
7,32 31,32
40,32 43,32
45,32 46,32
48,32 49,32
0,33 5,33
7,33 43,33
45,33 46,33
48,33 49,33
0,34 5,34
7,34 43,34
48,34 49,34
0,35 5,35
7,35 49,35
0,36 5,36
19,36 49,36
0,37 17,37
19,37 49,37
0,38 17,38
19,38 49,38
0,39 17,39
19,39 49,39
0,40 17,40
19,40 49,40
0,41 2,41
14,41 17,41
19,41 49,41
0,42 2,42
4,42 12,42
14,42 17,42
19,42 49,42
0,43 2,43
4,43 12,43
14,43 17,43
19,43 49,43
0,44 2,44
4,44 12,44
14,44 17,44
19,44 49,44
0,45 2,45
4,45 12,45
14,45 17,45
19,45 49,45
0,46 2,46
4,46 12,46
19,46 49,46
0,47 2,47
4,47 49,47
0,48 2,48
4,48 49,48
10,49 49,49
0,0 0,48
1,0 1,48
2,0 2,22
2,30 2,48
3,0 3,22
3,24 3,28
3,30 3,40
4,0 4,10
4,20 4,22
4,24 4,28
4,30 4,40
4,42 4,48
5,0 5,10
5,12 5,18
5,20 5,22
5,24 5,28
5,30 5,40
5,42 5,48
6,0 6,10
6,12 6,18
6,20 6,22
6,24 6,28
6,37 6,40
6,42 6,48
7,0 7,10
7,12 7,18
7,20 7,22
7,24 7,35
7,37 7,40
7,42 7,48
8,0 8,5
8,17 8,18
8,20 8,22
8,24 8,35
8,37 8,40
8,42 8,48
9,0 9,5
9,7 9,8
9,10 9,15
9,17 9,18
9,20 9,22
9,24 9,35
9,37 9,40
9,42 9,48
10,0 10,5
10,7 10,8
10,10 10,15
10,17 10,18
10,20 10,22
10,32 10,35
10,37 10,40
10,42 10,49
11,0 11,5
11,7 11,8
11,10 11,15
11,17 11,18
11,20 11,30
11,32 11,35
11,37 11,40
11,42 11,49
12,0 12,5
12,7 12,8
12,17 12,18
12,20 12,30
12,32 12,35
12,37 12,40
12,42 12,49
13,0 13,5
13,7 13,18
13,20 13,30
13,32 13,35
13,37 13,40
13,47 13,49
14,0 14,5
14,7 14,18
14,20 14,30
14,32 14,35
14,37 14,45
14,47 14,49
15,0 15,5
15,7 15,18
15,20 15,30
15,32 15,35
15,37 15,45
15,47 15,49
16,0 16,5
16,7 16,18
16,20 16,30
16,32 16,35
16,37 16,45
16,47 16,49
17,0 17,5
17,7 17,18
17,32 17,35
17,37 17,45
17,47 17,49
18,0 18,5
18,15 18,35
18,47 18,49
19,0 19,13
19,15 19,49
20,0 20,13
20,15 20,49
21,0 21,13
21,32 21,49
22,0 22,2
22,10 22,30
22,32 22,49
23,0 23,2
23,4 23,8
23,10 23,30
23,32 23,49
24,0 24,2
24,4 24,8
24,10 24,30
24,32 24,49
25,0 25,2
25,4 25,8
25,10 25,30
25,32 25,49
26,0 26,2
26,4 26,8
26,18 26,30
26,32 26,49
27,0 27,2
27,4 27,16
27,32 27,49
28,0 28,2
28,4 28,49
29,0 29,2
29,4 29,49
30,0 30,2
30,4 30,49
31,0 31,2
31,15 31,49
32,0 32,13
32,15 32,22
32,33 32,49
33,0 33,13
33,15 33,22
33,24 33,31
33,33 33,49
34,0 34,13
34,15 34,22
34,24 34,31
34,33 34,49
35,0 35,3
35,20 35,22
35,24 35,31
35,33 35,49
36,0 36,3
36,5 36,13
36,15 36,18
36,20 36,22
36,24 36,31
36,33 36,49
37,0 37,3
37,5 37,13
37,15 37,18
37,20 37,22
37,24 37,31
37,33 37,49
38,0 38,3
38,5 38,13
38,15 38,18
38,20 38,22
38,24 38,31
38,33 38,49
39,0 39,3
39,5 39,13
39,33 39,49
40,0 40,3
40,5 40,18
40,20 40,22
40,24 40,49
41,0 41,3
41,5 41,18
41,20 41,22
41,24 41,49
42,0 42,3
42,13 42,18
42,20 42,22
42,24 42,49
43,0 43,11
43,13 43,18
43,20 43,22
43,24 43,49
44,0 44,11
44,13 44,18
44,20 44,22
44,35 44,49
45,0 45,11
45,13 45,18
45,20 45,33
45,35 45,49
46,0 46,2
46,13 46,18
46,20 46,33
46,35 46,49
47,0 47,18
47,35 47,49
48,0 48,49
49,0 49,49
