3,0 16,0
22,0 36,0
44,0 49,0
36,3 44,3
16,6 22,6
36,7 37,7
0,8 4,8
36,8 37,8
8,9 11,9
36,9 37,9
8,12 11,12
19,12 25,12
37,14 49,14
0,15 1,15
1,16 11,16
16,16 18,16
11,17 15,17
41,22 49,22
8,23 12,23
11,25 12,25
44,26 49,26
11,28 25,28
26,32 28,32
26,33 28,33
41,33 44,33
8,34 14,34
27,36 34,36
5,37 14,37
34,37 40,37
27,38 28,38
27,40 28,40
5,41 6,41
40,43 49,43
6,45 17,45
17,46 27,46
0,8 0,15
1,15 1,16
4,0 4,8
5,37 5,41
6,41 6,45
8,9 8,12
8,23 8,34
10,11 10,12
11,9 11,12
11,16 11,17
11,25 11,28
12,23 12,25
14,34 14,37
16,0 16,6
17,45 17,46
18,15 18,16
19,12 19,14
22,0 22,6
25,12 25,28
26,32 26,33
27,32 27,33
27,36 27,38
27,40 27,46
28,32 28,36
28,38 28,40
34,36 34,37
36,0 36,3
36,7 36,9
37,7 37,14
40,37 40,43
41,22 41,33
44,0 44,3
44,26 44,33
49,0 49,22
49,26 49,43
