6,0 11,0
22,0 29,0
5,1 6,1
11,1 12,1
20,1 22,1
12,2 13,2
19,2 20,2
18,3 19,3
2,4 3,4
14,4 16,4
1,5 2,5
16,5 17,5
28,5 29,5
27,7 28,7
26,9 27,9
24,12 25,12
23,13 24,13
0,14 1,14
1,15 2,15
21,15 22,15
2,16 3,16
20,16 21,16
19,18 20,18
4,19 5,19
18,19 19,19
5,20 6,20
16,21 17,21
15,22 16,22
7,23 8,23
14,23 15,23
8,24 9,24
9,25 10,25
10,26 12,26
11,27 12,27
0,7 0,14
1,5 1,6
1,14 1,15
2,4 2,5
2,8 2,11
2,15 2,16
3,3 3,4
3,16 3,17
4,18 4,19
5,19 5,20
6,0 6,1
6,20 6,21
7,22 7,23
8,23 8,24
9,24 9,25
10,25 10,26
11,0 11,1
11,26 11,27
12,1 12,2
12,26 12,27
14,3 14,4
14,23 14,24
15,22 15,23
16,4 16,5
16,21 16,22
17,20 17,21
18,3 18,4
19,2 19,3
19,18 19,19
20,1 20,2
20,16 20,18
21,15 21,16
22,0 22,1
22,14 22,15
24,12 24,13
25,11 25,12
26,9 26,10
27,7 27,9
28,5 28,7
29,0 29,5
