66,9
67,9
68,9
69,9
70,9
71,9
72,9
73,9
74,9
75,9
76,9
77,9
78,9
79,9
80,9
81,9
82,9
83,9
84,9
85,9
86,9
87,9
88,9
89,9
90,9
91,9
92,9
93,9
94,9
95,9
138,9
139,9
140,9
66,10
67,10
68,10
69,10
70,10
71,10
72,10
73,10
74,10
75,10
76,10
77,10
78,10
79,10
80,10
81,10
82,10
83,10
84,10
85,10
86,10
87,10
88,10
89,10
90,10
91,10
92,10
93,10
94,10
95,10
138,10
139,10
140,10
66,11
67,11
68,11
69,11
70,11
71,11
72,11
73,11
74,11
75,11
76,11
77,11
78,11
79,11
80,11
81,11
82,11
83,11
84,11
85,11
86,11
87,11
88,11
89,11
90,11
91,11
92,11
93,11
94,11
95,11
138,11
139,11
140,11
66,12
67,12
68,12
93,12
94,12
95,12
105,12
106,12
107,12
108,12
109,12
110,12
111,12
112,12
113,12
114,12
115,12
116,12
117,12
118,12
119,12
120,12
121,12
122,12
123,12
124,12
125,12
126,12
127,12
128,12
138,12
139,12
140,12
66,13
67,13
68,13
93,13
94,13
95,13
105,13
106,13
107,13
108,13
109,13
110,13
111,13
112,13
113,13
114,13
115,13
116,13
117,13
118,13
119,13
120,13
121,13
122,13
123,13
124,13
125,13
126,13
127,13
128,13
138,13
139,13
140,13
66,14
67,14
68,14
93,14
94,14
95,14
105,14
106,14
107,14
108,14
109,14
110,14
111,14
112,14
113,14
114,14
115,14
116,14
117,14
118,14
119,14
120,14
121,14
122,14
123,14
124,14
125,14
126,14
127,14
128,14
138,14
139,14
140,14
66,15
67,15
68,15
93,15
94,15
95,15
105,15
106,15
107,15
126,15
127,15
128,15
138,15
139,15
140,15
66,16
67,16
68,16
93,16
94,16
95,16
105,16
106,16
107,16
126,16
127,16
128,16
138,16
139,16
140,16
66,17
67,17
68,17
93,17
94,17
95,17
105,17
106,17
107,17
126,17
127,17
128,17
138,17
139,17
140,17
24,18
25,18
26,18
27,18
28,18
29,18
30,18
31,18
32,18
33,18
34,18
35,18
36,18
37,18
38,18
39,18
40,18
41,18
42,18
43,18
44,18
45,18
46,18
47,18
48,18
49,18
50,18
51,18
52,18
53,18
54,18
55,18
56,18
66,18
67,18
68,18
93,18
94,18
95,18
105,18
106,18
107,18
126,18
127,18
128,18
138,18
139,18
140,18
24,19
25,19
26,19
27,19
28,19
29,19
30,19
31,19
32,19
33,19
34,19
35,19
36,19
37,19
38,19
39,19
40,19
41,19
42,19
43,19
44,19
45,19
46,19
47,19
48,19
49,19
50,19
51,19
52,19
53,19
54,19
55,19
56,19
66,19
67,19
68,19
93,19
94,19
95,19
105,19
106,19
107,19
126,19
127,19
128,19
138,19
139,19
140,19
24,20
25,20
26,20
27,20
28,20
29,20
30,20
31,20
32,20
33,20
34,20
35,20
36,20
37,20
38,20
39,20
40,20
41,20
42,20
43,20
44,20
45,20
46,20
47,20
48,20
49,20
50,20
51,20
52,20
53,20
54,20
55,20
56,20
66,20
67,20
68,20
93,20
94,20
95,20
105,20
106,20
107,20
126,20
127,20
128,20
138,20
139,20
140,20
24,21
25,21
26,21
54,21
55,21
56,21
66,21
67,21
68,21
93,21
94,21
95,21
105,21
106,21
107,21
126,21
127,21
128,21
138,21
139,21
140,21
24,22
25,22
26,22
54,22
55,22
56,22
66,22
67,22
68,22
93,22
94,22
95,22
105,22
106,22
107,22
126,22
127,22
128,22
138,22
139,22
140,22
24,23
25,23
26,23
54,23
55,23
56,23
66,23
67,23
68,23
93,23
94,23
95,23
105,23
106,23
107,23
126,23
127,23
128,23
138,23
139,23
140,23
24,24
25,24
26,24
54,24
55,24
56,24
66,24
67,24
68,24
93,24
94,24
95,24
105,24
106,24
107,24
126,24
127,24
128,24
138,24
139,24
140,24
24,25
25,25
26,25
54,25
55,25
56,25
66,25
67,25
68,25
93,25
94,25
95,25
105,25
106,25
107,25
126,25
127,25
128,25
138,25
139,25
140,25
24,26
25,26
26,26
54,26
55,26
56,26
66,26
67,26
68,26
93,26
94,26
95,26
105,26
106,26
107,26
126,26
127,26
128,26
138,26
139,26
140,26
24,27
25,27
26,27
27,27
28,27
29,27
30,27
31,27
32,27
33,27
34,27
35,27
36,27
37,27
38,27
54,27
55,27
56,27
66,27
67,27
68,27
69,27
70,27
71,27
72,27
73,27
74,27
75,27
76,27
77,27
78,27
79,27
80,27
93,27
94,27
95,27
105,27
106,27
107,27
126,27
127,27
128,27
138,27
139,27
140,27
24,28
25,28
26,28
27,28
28,28
29,28
30,28
31,28
32,28
33,28
34,28
35,28
36,28
37,28
38,28
54,28
55,28
56,28
66,28
67,28
68,28
69,28
70,28
71,28
72,28
73,28
74,28
75,28
76,28
77,28
78,28
79,28
80,28
93,28
94,28
95,28
105,28
106,28
107,28
126,28
127,28
128,28
138,28
139,28
140,28
24,29
25,29
26,29
27,29
28,29
29,29
30,29
31,29
32,29
33,29
34,29
35,29
36,29
37,29
38,29
54,29
55,29
56,29
66,29
67,29
68,29
69,29
70,29
71,29
72,29
73,29
74,29
75,29
76,29
77,29
78,29
79,29
80,29
93,29
94,29
95,29
105,29
106,29
107,29
126,29
127,29
128,29
138,29
139,29
140,29
36,30
37,30
38,30
54,30
55,30
56,30
78,30
79,30
80,30
93,30
94,30
95,30
105,30
106,30
107,30
126,30
127,30
128,30
138,30
139,30
140,30
36,31
37,31
38,31
54,31
55,31
56,31
78,31
79,31
80,31
93,31
94,31
95,31
105,31
106,31
107,31
126,31
127,31
128,31
138,31
139,31
140,31
36,32
37,32
38,32
54,32
55,32
56,32
78,32
79,32
80,32
93,32
94,32
95,32
105,32
106,32
107,32
126,32
127,32
128,32
138,32
139,32
140,32
12,33
13,33
14,33
15,33
16,33
17,33
18,33
19,33
20,33
21,33
22,33
23,33
24,33
25,33
26,33
36,33
37,33
38,33
54,33
55,33
56,33
78,33
79,33
80,33
93,33
94,33
95,33
105,33
106,33
107,33
126,33
127,33
128,33
138,33
139,33
140,33
12,34
13,34
14,34
15,34
16,34
17,34
18,34
19,34
20,34
21,34
22,34
23,34
24,34
25,34
26,34
36,34
37,34
38,34
54,34
55,34
56,34
78,34
79,34
80,34
93,34
94,34
95,34
105,34
106,34
107,34
126,34
127,34
128,34
138,34
139,34
140,34
12,35
13,35
14,35
15,35
16,35
17,35
18,35
19,35
20,35
21,35
22,35
23,35
24,35
25,35
26,35
36,35
37,35
38,35
54,35
55,35
56,35
78,35
79,35
80,35
93,35
94,35
95,35
105,35
106,35
107,35
126,35
127,35
128,35
138,35
139,35
140,35
12,36
13,36
14,36
24,36
25,36
26,36
36,36
37,36
38,36
54,36
55,36
56,36
78,36
79,36
80,36
93,36
94,36
95,36
105,36
106,36
107,36
126,36
127,36
128,36
129,36
130,36
131,36
132,36
133,36
134,36
135,36
136,36
137,36
138,36
139,36
140,36
12,37
13,37
14,37
24,37
25,37
26,37
36,37
37,37
38,37
54,37
55,37
56,37
78,37
79,37
80,37
93,37
94,37
95,37
105,37
106,37
107,37
126,37
127,37
128,37
129,37
130,37
131,37
132,37
133,37
134,37
135,37
136,37
137,37
138,37
139,37
140,37
12,38
13,38
14,38
24,38
25,38
26,38
36,38
37,38
38,38
54,38
55,38
56,38
78,38
79,38
80,38
93,38
94,38
95,38
105,38
106,38
107,38
126,38
127,38
128,38
129,38
130,38
131,38
132,38
133,38
134,38
135,38
136,38
137,38
138,38
139,38
140,38
12,39
13,39
14,39
24,39
25,39
26,39
36,39
37,39
38,39
54,39
55,39
56,39
78,39
79,39
80,39
93,39
94,39
95,39
105,39
106,39
107,39
12,40
13,40
14,40
24,40
25,40
26,40
36,40
37,40
38,40
54,40
55,40
56,40
78,40
79,40
80,40
93,40
94,40
95,40
105,40
106,40
107,40
12,41
13,41
14,41
24,41
25,41
26,41
36,41
37,41
38,41
54,41
55,41
56,41
78,41
79,41
80,41
93,41
94,41
95,41
105,41
106,41
107,41
12,42
13,42
14,42
24,42
25,42
26,42
36,42
37,42
38,42
54,42
55,42
56,42
57,42
58,42
59,42
60,42
61,42
62,42
63,42
64,42
65,42
78,42
79,42
80,42
93,42
94,42
95,42
96,42
97,42
98,42
99,42
100,42
101,42
102,42
103,42
104,42
105,42
106,42
107,42
108,42
109,42
110,42
111,42
112,42
113,42
114,42
115,42
116,42
117,42
118,42
119,42
12,43
13,43
14,43
24,43
25,43
26,43
36,43
37,43
38,43
54,43
55,43
56,43
57,43
58,43
59,43
60,43
61,43
62,43
63,43
64,43
65,43
78,43
79,43
80,43
93,43
94,43
95,43
96,43
97,43
98,43
99,43
100,43
101,43
102,43
103,43
104,43
105,43
106,43
107,43
108,43
109,43
110,43
111,43
112,43
113,43
114,43
115,43
116,43
117,43
118,43
119,43
12,44
13,44
14,44
24,44
25,44
26,44
36,44
37,44
38,44
54,44
55,44
56,44
57,44
58,44
59,44
60,44
61,44
62,44
63,44
64,44
65,44
78,44
79,44
80,44
93,44
94,44
95,44
96,44
97,44
98,44
99,44
100,44
101,44
102,44
103,44
104,44
105,44
106,44
107,44
108,44
109,44
110,44
111,44
112,44
113,44
114,44
115,44
116,44
117,44
118,44
119,44
12,45
13,45
14,45
24,45
25,45
26,45
36,45
37,45
38,45
63,45
64,45
65,45
78,45
79,45
80,45
105,45
106,45
107,45
117,45
118,45
119,45
12,46
13,46
14,46
24,46
25,46
26,46
36,46
37,46
38,46
63,46
64,46
65,46
78,46
79,46
80,46
105,46
106,46
107,46
117,46
118,46
119,46
12,47
13,47
14,47
24,47
25,47
26,47
36,47
37,47
38,47
63,47
64,47
65,47
78,47
79,47
80,47
105,47
106,47
107,47
117,47
118,47
119,47
12,48
13,48
14,48
24,48
25,48
26,48
27,48
28,48
29,48
30,48
31,48
32,48
33,48
34,48
35,48
36,48
37,48
38,48
63,48
64,48
65,48
78,48
79,48
80,48
105,48
106,48
107,48
117,48
118,48
119,48
12,49
13,49
14,49
24,49
25,49
26,49
27,49
28,49
29,49
30,49
31,49
32,49
33,49
34,49
35,49
36,49
37,49
38,49
63,49
64,49
65,49
78,49
79,49
80,49
105,49
106,49
107,49
117,49
118,49
119,49
12,50
13,50
14,50
24,50
25,50
26,50
27,50
28,50
29,50
30,50
31,50
32,50
33,50
34,50
35,50
36,50
37,50
38,50
63,50
64,50
65,50
78,50
79,50
80,50
105,50
106,50
107,50
117,50
118,50
119,50
12,51
13,51
14,51
63,51
64,51
65,51
78,51
79,51
80,51
81,51
82,51
83,51
105,51
106,51
107,51
117,51
118,51
119,51
12,52
13,52
14,52
63,52
64,52
65,52
78,52
79,52
80,52
81,52
82,52
83,52
105,52
106,52
107,52
117,52
118,52
119,52
12,53
13,53
14,53
63,53
64,53
65,53
78,53
79,53
80,53
81,53
82,53
83,53
105,53
106,53
107,53
117,53
118,53
119,53
12,54
13,54
14,54
63,54
64,54
65,54
81,54
82,54
83,54
105,54
106,54
107,54
117,54
118,54
119,54
12,55
13,55
14,55
63,55
64,55
65,55
81,55
82,55
83,55
105,55
106,55
107,55
117,55
118,55
119,55
12,56
13,56
14,56
63,56
64,56
65,56
81,56
82,56
83,56
105,56
106,56
107,56
117,56
118,56
119,56
12,57
13,57
14,57
15,57
16,57
17,57
18,57
19,57
20,57
21,57
22,57
23,57
24,57
25,57
26,57
27,57
28,57
29,57
30,57
31,57
32,57
33,57
34,57
35,57
36,57
37,57
38,57
39,57
40,57
41,57
42,57
43,57
44,57
45,57
46,57
47,57
48,57
49,57
50,57
51,57
52,57
53,57
63,57
64,57
65,57
81,57
82,57
83,57
105,57
106,57
107,57
108,57
109,57
110,57
111,57
112,57
113,57
114,57
115,57
116,57
117,57
118,57
119,57
120,57
121,57
122,57
123,57
124,57
125,57
126,57
127,57
128,57
129,57
130,57
131,57
132,57
133,57
134,57
135,57
136,57
137,57
138,57
139,57
140,57
141,57
142,57
143,57
12,58
13,58
14,58
15,58
16,58
17,58
18,58
19,58
20,58
21,58
22,58
23,58
24,58
25,58
26,58
27,58
28,58
29,58
30,58
31,58
32,58
33,58
34,58
35,58
36,58
37,58
38,58
39,58
40,58
41,58
42,58
43,58
44,58
45,58
46,58
47,58
48,58
49,58
50,58
51,58
52,58
53,58
63,58
64,58
65,58
81,58
82,58
83,58
105,58
106,58
107,58
108,58
109,58
110,58
111,58
112,58
113,58
114,58
115,58
116,58
117,58
118,58
119,58
120,58
121,58
122,58
123,58
124,58
125,58
126,58
127,58
128,58
129,58
130,58
131,58
132,58
133,58
134,58
135,58
136,58
137,58
138,58
139,58
140,58
141,58
142,58
143,58
12,59
13,59
14,59
15,59
16,59
17,59
18,59
19,59
20,59
21,59
22,59
23,59
24,59
25,59
26,59
27,59
28,59
29,59
30,59
31,59
32,59
33,59
34,59
35,59
36,59
37,59
38,59
39,59
40,59
41,59
42,59
43,59
44,59
45,59
46,59
47,59
48,59
49,59
50,59
51,59
52,59
53,59
63,59
64,59
65,59
81,59
82,59
83,59
105,59
106,59
107,59
108,59
109,59
110,59
111,59
112,59
113,59
114,59
115,59
116,59
117,59
118,59
119,59
120,59
121,59
122,59
123,59
124,59
125,59
126,59
127,59
128,59
129,59
130,59
131,59
132,59
133,59
134,59
135,59
136,59
137,59
138,59
139,59
140,59
141,59
142,59
143,59
51,60
52,60
53,60
63,60
64,60
65,60
81,60
82,60
83,60
117,60
118,60
119,60
141,60
142,60
143,60
51,61
52,61
53,61
63,61
64,61
65,61
81,61
82,61
83,61
117,61
118,61
119,61
141,61
142,61
143,61
51,62
52,62
53,62
63,62
64,62
65,62
81,62
82,62
83,62
117,62
118,62
119,62
141,62
142,62
143,62
51,63
52,63
53,63
63,63
64,63
65,63
81,63
82,63
83,63
117,63
118,63
119,63
141,63
142,63
143,63
51,64
52,64
53,64
63,64
64,64
65,64
81,64
82,64
83,64
117,64
118,64
119,64
141,64
142,64
143,64
51,65
52,65
53,65
63,65
64,65
65,65
81,65
82,65
83,65
117,65
118,65
119,65
141,65
142,65
143,65
51,66
52,66
53,66
63,66
64,66
65,66
81,66
82,66
83,66
117,66
118,66
119,66
141,66
142,66
143,66
51,67
52,67
53,67
63,67
64,67
65,67
81,67
82,67
83,67
117,67
118,67
119,67
141,67
142,67
143,67
51,68
52,68
53,68
63,68
64,68
65,68
81,68
82,68
83,68
117,68
118,68
119,68
141,68
142,68
143,68
6,69
7,69
8,69
9,69
10,69
11,69
12,69
13,69
14,69
15,69
16,69
17,69
18,69
19,69
20,69
21,69
22,69
23,69
24,69
25,69
26,69
27,69
28,69
29,69
30,69
31,69
32,69
51,69
52,69
53,69
63,69
64,69
65,69
81,69
82,69
83,69
96,69
97,69
98,69
99,69
100,69
101,69
102,69
103,69
104,69
105,69
106,69
107,69
108,69
109,69
110,69
111,69
112,69
113,69
114,69
115,69
116,69
117,69
118,69
119,69
120,69
121,69
122,69
123,69
124,69
125,69
126,69
127,69
128,69
129,69
130,69
131,69
132,69
133,69
134,69
141,69
142,69
143,69
6,70
7,70
8,70
9,70
10,70
11,70
12,70
13,70
14,70
15,70
16,70
17,70
18,70
19,70
20,70
21,70
22,70
23,70
24,70
25,70
26,70
27,70
28,70
29,70
30,70
31,70
32,70
51,70
52,70
53,70
63,70
64,70
65,70
81,70
82,70
83,70
96,70
97,70
98,70
99,70
100,70
101,70
102,70
103,70
104,70
105,70
106,70
107,70
108,70
109,70
110,70
111,70
112,70
113,70
114,70
115,70
116,70
117,70
118,70
119,70
120,70
121,70
122,70
123,70
124,70
125,70
126,70
127,70
128,70
129,70
130,70
131,70
132,70
133,70
134,70
141,70
142,70
143,70
6,71
7,71
8,71
9,71
10,71
11,71
12,71
13,71
14,71
15,71
16,71
17,71
18,71
19,71
20,71
21,71
22,71
23,71
24,71
25,71
26,71
27,71
28,71
29,71
30,71
31,71
32,71
51,71
52,71
53,71
63,71
64,71
65,71
81,71
82,71
83,71
96,71
97,71
98,71
99,71
100,71
101,71
102,71
103,71
104,71
105,71
106,71
107,71
108,71
109,71
110,71
111,71
112,71
113,71
114,71
115,71
116,71
117,71
118,71
119,71
120,71
121,71
122,71
123,71
124,71
125,71
126,71
127,71
128,71
129,71
130,71
131,71
132,71
133,71
134,71
141,71
142,71
143,71
6,72
7,72
8,72
30,72
31,72
32,72
51,72
52,72
53,72
63,72
64,72
65,72
81,72
82,72
83,72
96,72
97,72
98,72
117,72
118,72
119,72
132,72
133,72
134,72
141,72
142,72
143,72
6,73
7,73
8,73
30,73
31,73
32,73
51,73
52,73
53,73
63,73
64,73
65,73
81,73
82,73
83,73
96,73
97,73
98,73
117,73
118,73
119,73
132,73
133,73
134,73
141,73
142,73
143,73
6,74
7,74
8,74
30,74
31,74
32,74
51,74
52,74
53,74
63,74
64,74
65,74
81,74
82,74
83,74
96,74
97,74
98,74
117,74
118,74
119,74
132,74
133,74
134,74
141,74
142,74
143,74
6,75
7,75
8,75
30,75
31,75
32,75
51,75
52,75
53,75
63,75
64,75
65,75
81,75
82,75
83,75
96,75
97,75
98,75
117,75
118,75
119,75
132,75
133,75
134,75
141,75
142,75
143,75
6,76
7,76
8,76
30,76
31,76
32,76
51,76
52,76
53,76
63,76
64,76
65,76
81,76
82,76
83,76
96,76
97,76
98,76
117,76
118,76
119,76
132,76
133,76
134,76
141,76
142,76
143,76
6,77
7,77
8,77
30,77
31,77
32,77
51,77
52,77
53,77
63,77
64,77
65,77
81,77
82,77
83,77
96,77
97,77
98,77
117,77
118,77
119,77
132,77
133,77
134,77
141,77
142,77
143,77
6,78
7,78
8,78
30,78
31,78
32,78
51,78
52,78
53,78
63,78
64,78
65,78
81,78
82,78
83,78
96,78
97,78
98,78
117,78
118,78
119,78
132,78
133,78
134,78
141,78
142,78
143,78
6,79
7,79
8,79
30,79
31,79
32,79
51,79
52,79
53,79
63,79
64,79
65,79
81,79
82,79
83,79
96,79
97,79
98,79
117,79
118,79
119,79
132,79
133,79
134,79
141,79
142,79
143,79
6,80
7,80
8,80
30,80
31,80
32,80
51,80
52,80
53,80
63,80
64,80
65,80
81,80
82,80
83,80
96,80
97,80
98,80
117,80
118,80
119,80
132,80
133,80
134,80
141,80
142,80
143,80
6,81
7,81
8,81
30,81
31,81
32,81
51,81
52,81
53,81
63,81
64,81
65,81
81,81
82,81
83,81
96,81
97,81
98,81
117,81
118,81
119,81
132,81
133,81
134,81
141,81
142,81
143,81
6,82
7,82
8,82
30,82
31,82
32,82
51,82
52,82
53,82
63,82
64,82
65,82
81,82
82,82
83,82
96,82
97,82
98,82
117,82
118,82
119,82
132,82
133,82
134,82
141,82
142,82
143,82
6,83
7,83
8,83
30,83
31,83
32,83
51,83
52,83
53,83
63,83
64,83
65,83
81,83
82,83
83,83
96,83
97,83
98,83
117,83
118,83
119,83
132,83
133,83
134,83
141,83
142,83
143,83
6,84
7,84
8,84
30,84
31,84
32,84
51,84
52,84
53,84
63,84
64,84
65,84
81,84
82,84
83,84
96,84
97,84
98,84
117,84
118,84
119,84
132,84
133,84
134,84
141,84
142,84
143,84
6,85
7,85
8,85
30,85
31,85
32,85
51,85
52,85
53,85
63,85
64,85
65,85
81,85
82,85
83,85
96,85
97,85
98,85
117,85
118,85
119,85
132,85
133,85
134,85
141,85
142,85
143,85
6,86
7,86
8,86
30,86
31,86
32,86
51,86
52,86
53,86
63,86
64,86
65,86
81,86
82,86
83,86
96,86
97,86
98,86
117,86
118,86
119,86
132,86
133,86
134,86
141,86
142,86
143,86
6,87
7,87
8,87
9,87
10,87
11,87
12,87
13,87
14,87
15,87
16,87
17,87
18,87
19,87
20,87
30,87
31,87
32,87
51,87
52,87
53,87
63,87
64,87
65,87
81,87
82,87
83,87
96,87
97,87
98,87
117,87
118,87
119,87
132,87
133,87
134,87
141,87
142,87
143,87
6,88
7,88
8,88
9,88
10,88
11,88
12,88
13,88
14,88
15,88
16,88
17,88
18,88
19,88
20,88
30,88
31,88
32,88
51,88
52,88
53,88
63,88
64,88
65,88
81,88
82,88
83,88
96,88
97,88
98,88
117,88
118,88
119,88
132,88
133,88
134,88
141,88
142,88
143,88
6,89
7,89
8,89
9,89
10,89
11,89
12,89
13,89
14,89
15,89
16,89
17,89
18,89
19,89
20,89
30,89
31,89
32,89
51,89
52,89
53,89
63,89
64,89
65,89
81,89
82,89
83,89
96,89
97,89
98,89
117,89
118,89
119,89
132,89
133,89
134,89
141,89
142,89
143,89
18,90
19,90
20,90
30,90
31,90
32,90
51,90
52,90
53,90
63,90
64,90
65,90
81,90
82,90
83,90
96,90
97,90
98,90
117,90
118,90
119,90
132,90
133,90
134,90
141,90
142,90
143,90
18,91
19,91
20,91
30,91
31,91
32,91
51,91
52,91
53,91
63,91
64,91
65,91
81,91
82,91
83,91
96,91
97,91
98,91
117,91
118,91
119,91
132,91
133,91
134,91
141,91
142,91
143,91
18,92
19,92
20,92
30,92
31,92
32,92
51,92
52,92
53,92
63,92
64,92
65,92
81,92
82,92
83,92
96,92
97,92
98,92
117,92
118,92
119,92
132,92
133,92
134,92
141,92
142,92
143,92
18,93
19,93
20,93
30,93
31,93
32,93
33,93
34,93
35,93
36,93
37,93
38,93
39,93
40,93
41,93
42,93
43,93
44,93
45,93
46,93
47,93
48,93
49,93
50,93
51,93
52,93
53,93
63,93
64,93
65,93
66,93
67,93
68,93
69,93
70,93
71,93
72,93
73,93
74,93
75,93
76,93
77,93
78,93
79,93
80,93
81,93
82,93
83,93
96,93
97,93
98,93
117,93
118,93
119,93
132,93
133,93
134,93
141,93
142,93
143,93
18,94
19,94
20,94
30,94
31,94
32,94
33,94
34,94
35,94
36,94
37,94
38,94
39,94
40,94
41,94
42,94
43,94
44,94
45,94
46,94
47,94
48,94
49,94
50,94
51,94
52,94
53,94
63,94
64,94
65,94
66,94
67,94
68,94
69,94
70,94
71,94
72,94
73,94
74,94
75,94
76,94
77,94
78,94
79,94
80,94
81,94
82,94
83,94
96,94
97,94
98,94
117,94
118,94
119,94
132,94
133,94
134,94
141,94
142,94
143,94
18,95
19,95
20,95
30,95
31,95
32,95
33,95
34,95
35,95
36,95
37,95
38,95
39,95
40,95
41,95
42,95
43,95
44,95
45,95
46,95
47,95
48,95
49,95
50,95
51,95
52,95
53,95
63,95
64,95
65,95
66,95
67,95
68,95
69,95
70,95
71,95
72,95
73,95
74,95
75,95
76,95
77,95
78,95
79,95
80,95
81,95
82,95
83,95
96,95
97,95
98,95
117,95
118,95
119,95
132,95
133,95
134,95
141,95
142,95
143,95
18,96
19,96
20,96
96,96
97,96
98,96
99,96
100,96
101,96
102,96
103,96
104,96
105,96
106,96
107,96
108,96
109,96
110,96
111,96
112,96
113,96
114,96
115,96
116,96
117,96
118,96
119,96
132,96
133,96
134,96
141,96
142,96
143,96
18,97
19,97
20,97
96,97
97,97
98,97
99,97
100,97
101,97
102,97
103,97
104,97
105,97
106,97
107,97
108,97
109,97
110,97
111,97
112,97
113,97
114,97
115,97
116,97
117,97
118,97
119,97
132,97
133,97
134,97
141,97
142,97
143,97
18,98
19,98
20,98
96,98
97,98
98,98
99,98
100,98
101,98
102,98
103,98
104,98
105,98
106,98
107,98
108,98
109,98
110,98
111,98
112,98
113,98
114,98
115,98
116,98
117,98
118,98
119,98
132,98
133,98
134,98
141,98
142,98
143,98
18,99
19,99
20,99
132,99
133,99
134,99
141,99
142,99
143,99
18,100
19,100
20,100
132,100
133,100
134,100
141,100
142,100
143,100
18,101
19,101
20,101
132,101
133,101
134,101
141,101
142,101
143,101
18,102
19,102
20,102
132,102
133,102
134,102
135,102
136,102
137,102
138,102
139,102
140,102
141,102
142,102
143,102
18,103
19,103
20,103
132,103
133,103
134,103
135,103
136,103
137,103
138,103
139,103
140,103
141,103
142,103
143,103
18,104
19,104
20,104
132,104
133,104
134,104
135,104
136,104
137,104
138,104
139,104
140,104
141,104
142,104
143,104
18,105
19,105
20,105
18,106
19,106
20,106
18,107
19,107
20,107
18,108
19,108
20,108
21,108
22,108
23,108
24,108
25,108
26,108
27,108
28,108
29,108
30,108
31,108
32,108
33,108
34,108
35,108
36,108
37,108
38,108
39,108
40,108
41,108
42,108
43,108
44,108
45,108
46,108
47,108
48,108
49,108
50,108
51,108
52,108
53,108
54,108
55,108
56,108
18,109
19,109
20,109
21,109
22,109
23,109
24,109
25,109
26,109
27,109
28,109
29,109
30,109
31,109
32,109
33,109
34,109
35,109
36,109
37,109
38,109
39,109
40,109
41,109
42,109
43,109
44,109
45,109
46,109
47,109
48,109
49,109
50,109
51,109
52,109
53,109
54,109
55,109
56,109
18,110
19,110
20,110
21,110
22,110
23,110
24,110
25,110
26,110
27,110
28,110
29,110
30,110
31,110
32,110
33,110
34,110
35,110
36,110
37,110
38,110
39,110
40,110
41,110
42,110
43,110
44,110
45,110
46,110
47,110
48,110
49,110
50,110
51,110
52,110
53,110
54,110
55,110
56,110
54,111
55,111
56,111
54,112
55,112
56,112
54,113
55,113
56,113
54,114
55,114
56,114
54,115
55,115
56,115
54,116
55,116
56,116
54,117
55,117
56,117
54,118
55,118
56,118
54,119
55,119
56,119
54,120
55,120
56,120
54,121
55,121
56,121
54,122
55,122
56,122
9,123
10,123
11,123
12,123
13,123
14,123
15,123
16,123
17,123
18,123
19,123
20,123
21,123
22,123
23,123
24,123
25,123
26,123
27,123
28,123
29,123
30,123
31,123
32,123
33,123
34,123
35,123
36,123
37,123
38,123
39,123
40,123
41,123
54,123
55,123
56,123
9,124
10,124
11,124
12,124
13,124
14,124
15,124
16,124
17,124
18,124
19,124
20,124
21,124
22,124
23,124
24,124
25,124
26,124
27,124
28,124
29,124
30,124
31,124
32,124
33,124
34,124
35,124
36,124
37,124
38,124
39,124
40,124
41,124
54,124
55,124
56,124
9,125
10,125
11,125
12,125
13,125
14,125
15,125
16,125
17,125
18,125
19,125
20,125
21,125
22,125
23,125
24,125
25,125
26,125
27,125
28,125
29,125
30,125
31,125
32,125
33,125
34,125
35,125
36,125
37,125
38,125
39,125
40,125
41,125
54,125
55,125
56,125
9,126
10,126
11,126
39,126
40,126
41,126
54,126
55,126
56,126
9,127
10,127
11,127
39,127
40,127
41,127
54,127
55,127
56,127
9,128
10,128
11,128
39,128
40,128
41,128
54,128
55,128
56,128
9,129
10,129
11,129
39,129
40,129
41,129
54,129
55,129
56,129
9,130
10,130
11,130
39,130
40,130
41,130
54,130
55,130
56,130
9,131
10,131
11,131
39,131
40,131
41,131
54,131
55,131
56,131
9,132
10,132
11,132
39,132
40,132
41,132
54,132
55,132
56,132
9,133
10,133
11,133
39,133
40,133
41,133
54,133
55,133
56,133
9,134
10,134
11,134
39,134
40,134
41,134
54,134
55,134
56,134
9,135
10,135
11,135
39,135
40,135
41,135
54,135
55,135
56,135
9,136
10,136
11,136
39,136
40,136
41,136
54,136
55,136
56,136
9,137
10,137
11,137
39,137
40,137
41,137
54,137
55,137
56,137
9,138
10,138
11,138
39,138
40,138
41,138
42,138
43,138
44,138
45,138
46,138
47,138
48,138
49,138
50,138
51,138
52,138
53,138
54,138
55,138
56,138
9,139
10,139
11,139
39,139
40,139
41,139
42,139
43,139
44,139
45,139
46,139
47,139
48,139
49,139
50,139
51,139
52,139
53,139
54,139
55,139
56,139
9,140
10,140
11,140
39,140
40,140
41,140
42,140
43,140
44,140
45,140
46,140
47,140
48,140
49,140
50,140
51,140
52,140
53,140
54,140
55,140
56,140
9,141
10,141
11,141
9,142
10,142
11,142
9,143
10,143
11,143
9,144
10,144
11,144
9,145
10,145
11,145
9,146
11,146
0,147
1,147
2,147
3,147
4,147
5,147
6,147
7,147
8,147
10,147
11,147
12,147
13,147
14,147
15,147
16,147
17,147
18,147
19,147
20,147
21,147
22,147
23,147
24,147
25,147
26,147
27,147
28,147
29,147
0,148
1,148
2,148
3,148
4,148
5,148
6,148
7,148
8,148
9,148
10,148
11,148
12,148
13,148
14,148
15,148
16,148
17,148
18,148
19,148
20,148
21,148
22,148
23,148
24,148
25,148
26,148
27,148
28,148
29,148
0,149
1,149
2,149
3,149
4,149
5,149
6,149
7,149
8,149
9,149
10,149
11,149
12,149
13,149
14,149
15,149
16,149
17,149
18,149
19,149
20,149
21,149
22,149
23,149
24,149
25,149
26,149
27,149
28,149
29,149
